0.10000000000000001 1
0.20000000000000001 1
0.30000000000000004 1
0.40000000000000002 1
0.5 1
0.59999999999999998 1
0.69999999999999996 1
0.79999999999999993 1
0.89999999999999991 1
0.99999999999999989 1
1.0999999999999999 1
1.2 1
1.3 1
1.4000000000000001 2
1.5000000000000002 2
1.6000000000000003 2
1.7000000000000004 2
1.8000000000000005 2
1.9000000000000006 3
2.0000000000000004 3
2.1000000000000005 3
2.2000000000000006 3
2.3000000000000007 4
2.4000000000000008 5
2.5000000000000009 5
2.600000000000001 5
2.7000000000000011 5
2.8000000000000012 6
2.9000000000000012 7
3.0000000000000013 8
3.1000000000000014 8
3.2000000000000015 9
3.3000000000000016 11
3.4000000000000017 12
3.5000000000000018 12
3.6000000000000019 13
3.700000000000002 15
3.800000000000002 16
3.9000000000000021 18
4.0000000000000018 18
4.1000000000000014 20
4.2000000000000011 20.0999
4.3000000000000007 20.1496
4.4000000000000004 20.2488
4.5 20.3474
4.5999999999999996 20.4456
4.6999999999999993 20.4945
4.7999999999999989 20.592
4.8999999999999986 20.689
4.9999999999999982 20.7855
5.0999999999999979 20.8336
5.1999999999999975 20.9295
5.2999999999999972 21.025
5.3999999999999968 21.12
5.4999999999999964 21.1674
5.5999999999999961 21.2617
5.6999999999999957 21.3557
5.7999999999999954 21.4025
5.899999999999995 21.4959
5.9999999999999947 21.5888
6.0999999999999943 21.6813
6.199999999999994 21.7735
6.2999999999999936 21.8194
6.3999999999999932 21.911
6.4999999999999929 22.0022
6.5999999999999925 22.0476
6.6999999999999922 22.1382
6.7999999999999918 22.2285
6.8999999999999915 22.3184
6.9999999999999911 22.4079
7.0999999999999908 22.4525
7.1999999999999904 22.5415
7.2999999999999901 22.6301
7.3999999999999897 22.6743
7.4999999999999893 22.7625
7.599999999999989 22.8502
7.6999999999999886 22.9377
7.7999999999999883 23.0248
7.8999999999999879 23.0682
7.9999999999999876 23.1548
8.0999999999999872 23.2411
8.1999999999999869 23.2842
8.2999999999999865 23.37
8.3999999999999861 23.4555
8.4999999999999858 23.5407
8.5999999999999854 23.6256
8.6999999999999851 23.6679
8.7999999999999847 23.7523
8.8999999999999844 23.7944
8.999999999999984 23.8784
9.0999999999999837 23.9621
9.1999999999999833 24.0455
9.2999999999999829 24.1286
9.3999999999999826 24.17
9.4999999999999822 24.2527
9.5999999999999819 24.3351
9.6999999999999815 24.3762
9.7999999999999812 24.4582
9.8999999999999808 24.5399
9.9999999999999805 24.6213
10.09999999999998 24.7025
10.19999999999998 24.7429
10.299999999999979 24.8237
10.399999999999979 24.9042
10.499999999999979 24.9444
10.599999999999978 25.0245
10.699999999999978 25.1043
10.799999999999978 25.1839
10.899999999999977 25.2633
10.999999999999977 25.3029
11.099999999999977 25.3819
11.199999999999976 25.4213
11.299999999999976 25.4999
11.399999999999975 25.5782
11.499999999999975 25.6564
11.599999999999975 25.7343
11.699999999999974 25.7731
11.799999999999974 25.8507
11.899999999999974 25.928
11.999999999999973 25.9665
12.099999999999973 26.0435
12.199999999999973 26.1202
12.299999999999972 26.1968
12.399999999999972 26.273
12.499999999999972 26.3111
12.599999999999971 26.3871
12.699999999999971 26.4628
12.799999999999971 26.5006
12.89999999999997 26.576
12.99999999999997 26.6512
13.099999999999969 26.7262
13.199999999999969 26.801
13.299999999999969 26.8383
13.399999999999968 26.9128
13.499999999999968 26.987
13.599999999999968 27.0241
13.699999999999967 27.098
13.799999999999967 27.1718
13.899999999999967 27.2454
13.999999999999966 27.3187
14.099999999999966 27.3553
14.199999999999966 27.4284
14.299999999999965 27.4648
14.399999999999965 27.5376
14.499999999999964 27.6102
14.599999999999964 27.6826
14.699999999999964 27.7548
14.799999999999963 27.7908
14.899999999999963 27.8627
14.999999999999963 27.9345
15.099999999999962 27.9703
15.199999999999962 28.0417
15.299999999999962 28.113
15.399999999999961 28.1841
15.499999999999961 28.255
15.599999999999961 28.2904
15.69999999999996 28.3611
15.79999999999996 28.4315
15.899999999999959 28.4667
15.999999999999959 28.5369
16.099999999999959 28.607
16.19999999999996 28.6768
16.299999999999962 28.7465
16.399999999999963 28.7813
16.499999999999964 28.8508
16.599999999999966 28.92
16.699999999999967 28.9546
16.799999999999969 29.0237
16.89999999999997 29.0925
16.999999999999972 29.1612
17.099999999999973 29.1955
17.199999999999974 29.264
17.299999999999976 29.3323
17.399999999999977 29.4004
17.499999999999979 29.4344
17.59999999999998 29.5024
17.699999999999982 29.5701
17.799999999999983 29.6377
17.899999999999984 29.6714
17.999999999999986 29.7388
18.099999999999987 29.806
18.199999999999989 29.8731
18.29999999999999 29.9066
18.399999999999991 29.9734
18.499999999999993 30.0401
18.599999999999994 30.1066
18.699999999999996 30.1398
18.799999999999997 30.2062
18.899999999999999 30.2723
19 30.3384
19.100000000000001 30.3713
19.200000000000003 30.4372
19.300000000000004 30.5028
19.400000000000006 30.5684
19.500000000000007 30.6011
19.600000000000009 30.6664
19.70000000000001 30.7316
19.800000000000011 30.7966
19.900000000000013 30.8291
20.000000000000014 30.8939
20.100000000000016 30.9586
20.200000000000017 30.9909
20.300000000000018 31.0554
20.40000000000002 31.1198
20.500000000000021 31.184
20.600000000000023 31.2481
20.700000000000024 31.2801
20.800000000000026 31.3441
20.900000000000027 31.4078
21.000000000000028 31.4397
21.10000000000003 31.5032
21.200000000000031 31.5667
21.300000000000033 31.63
21.400000000000034 31.6932
21.500000000000036 31.7248
21.600000000000037 31.7878
21.700000000000038 31.8507
21.80000000000004 31.8821
21.900000000000041 31.9448
22.000000000000043 32.0074
22.100000000000044 32.0698
22.200000000000045 32.1321
22.300000000000047 32.1633
22.400000000000048 32.2254
22.50000000000005 32.2564
22.600000000000051 32.3184
22.700000000000053 32.3803
22.800000000000054 32.442
22.900000000000055 32.5036
23.000000000000057 32.5344
23.100000000000058 32.5958
23.20000000000006 32.6572
23.300000000000061 32.6878
23.400000000000063 32.7489
23.500000000000064 32.81
23.600000000000065 32.8709
23.700000000000067 32.9317
23.800000000000068 32.9621
23.90000000000007 33.0227
24.000000000000071 33.0833
24.100000000000072 33.1135
24.200000000000074 33.1739
24.300000000000075 33.2341
24.400000000000077 33.2943
24.500000000000078 33.3543
24.60000000000008 33.3843
24.700000000000081 33.4442
24.800000000000082 33.504
24.900000000000084 33.5338
25.000000000000085 33.5934
25.100000000000087 33.6529
25.200000000000088 33.7123
25.30000000000009 33.7716
25.400000000000091 33.8013
25.500000000000092 33.8604
25.600000000000094 33.8899
25.700000000000095 33.9489
25.800000000000097 34.0078
25.900000000000098 34.0666
26.000000000000099 34.1253
26.100000000000101 34.1546
26.200000000000102 34.2131
26.300000000000104 34.2715
26.400000000000105 34.3007
26.500000000000107 34.359
26.600000000000108 34.4172
26.700000000000109 34.4753
26.800000000000111 34.5333
26.900000000000112 34.5622
27.000000000000114 34.6201
27.100000000000115 34.6778
27.200000000000117 34.7067
27.300000000000118 34.7643
27.400000000000119 34.8218
27.500000000000121 34.8792
27.600000000000122 34.9365
27.700000000000124 34.9651
27.800000000000125 35.0223
27.900000000000126 35.0508
28.000000000000128 35.1079
28.100000000000129 35.1648
28.200000000000131 35.2217
28.300000000000132 35.2784
28.400000000000134 35.3068
28.500000000000135 35.3634
28.600000000000136 35.4199
28.700000000000138 35.4482
28.800000000000139 35.5046
28.900000000000141 35.5609
29.000000000000142 35.6171
29.100000000000144 35.6732
29.200000000000145 35.7013
29.300000000000146 35.7573
29.400000000000148 35.8132
29.500000000000149 35.8411
29.600000000000151 35.8969
29.700000000000152 35.9526
29.800000000000153 36.0082
29.900000000000155 36.0637
30.000000000000156 36.0914
30.100000000000158 36.1468
30.200000000000159 36.2021
30.300000000000161 36.2297
30.400000000000162 36.2849
30.500000000000163 36.34
30.600000000000165 36.395
30.700000000000166 36.45
30.800000000000168 36.4774
30.900000000000169 36.5322
31.000000000000171 36.5869
31.100000000000172 36.6143
31.200000000000173 36.6689
31.300000000000175 36.7234
31.400000000000176 36.7778
31.500000000000178 36.805
31.600000000000179 36.8594
31.70000000000018 36.9136
31.800000000000182 36.9678
31.900000000000183 36.9948
32.000000000000185 37.0488
32.100000000000186 37.1028
32.200000000000188 37.1567
32.300000000000189 37.1836
32.40000000000019 37.2374
32.500000000000192 37.2911
32.600000000000193 37.3447
32.700000000000195 37.3715
32.800000000000196 37.425
32.900000000000198 37.4784
33.000000000000199 37.5317
33.1000000000002 37.5584
33.200000000000202 37.6116
33.300000000000203 37.6648
33.400000000000205 37.7178
33.500000000000206 37.7443
33.600000000000207 37.7973
33.700000000000209 37.8502
33.80000000000021 37.8766
33.900000000000212 37.9294
34.000000000000213 37.9821
34.100000000000215 38.0348
34.200000000000216 38.0873
34.300000000000217 38.1136
34.400000000000219 38.166
34.50000000000022 38.2184
34.600000000000222 38.2446
34.700000000000223 38.2969
34.800000000000225 38.3491
34.900000000000226 38.4012
35.000000000000227 38.4533
35.100000000000229 38.4793
35.20000000000023 38.5312
35.300000000000232 38.5831
35.400000000000233 38.609
35.500000000000234 38.6608
35.600000000000236 38.7125
35.700000000000237 38.7642
35.800000000000239 38.8158
35.90000000000024 38.8415
36.000000000000242 38.893
36.100000000000243 38.9187
36.200000000000244 38.9701
36.300000000000246 39.0214
36.400000000000247 39.0726
36.500000000000249 39.1238
36.60000000000025 39.1749
36.700000000000252 39.2004
36.800000000000253 39.2514
36.900000000000254 39.2769
37.000000000000256 39.3278
37.100000000000257 39.3786
37.200000000000259 39.4294
37.30000000000026 39.4801
37.400000000000261 39.5055
37.500000000000263 39.5561
37.600000000000264 39.6066
37.700000000000266 39.6319
37.800000000000267 39.6823
37.900000000000269 39.7327
38.00000000000027 39.783
38.100000000000271 39.8333
38.200000000000273 39.8584
38.300000000000274 39.9085
38.400000000000276 39.9586
38.500000000000277 39.9837
38.600000000000279 40.0337
38.70000000000028 40.0836
38.800000000000281 40.1335
38.900000000000283 40.1833
39.000000000000284 40.2082
39.100000000000286 40.2579
39.200000000000287 40.2828
39.300000000000288 40.3324
39.40000000000029 40.382
39.500000000000291 40.4315
39.600000000000293 40.4809
39.700000000000294 40.5056
39.800000000000296 40.555
39.900000000000297 40.6043
40.000000000000298 40.6289
40.1000000000003 40.6781
40.200000000000301 40.7273
40.300000000000303 40.7764
40.400000000000304 40.8254
40.500000000000306 40.8499
40.600000000000307 40.8988
40.700000000000308 40.9477
40.80000000000031 40.9722
40.900000000000311 41.021
41.000000000000313 41.0697
41.100000000000314 41.1184
41.200000000000315 41.167
41.300000000000317 41.1913
41.400000000000318 41.2398
41.50000000000032 41.2641
41.600000000000321 41.3125
41.700000000000323 41.3609
41.800000000000324 41.4093
41.900000000000325 41.4576
42.000000000000327 41.5058
42.100000000000328 41.5299
42.20000000000033 41.578
42.300000000000331 41.6021
42.400000000000333 41.6501
42.500000000000334 41.6981
42.600000000000335 41.7461
42.700000000000337 41.794
42.800000000000338 41.8179
42.90000000000034 41.8657
43.000000000000341 41.9135
43.100000000000342 41.9373
43.200000000000344 41.985
43.300000000000345 42.0326
43.400000000000347 42.0802
43.500000000000348 42.1277
43.60000000000035 42.1515
43.700000000000351 42.1989
43.800000000000352 42.2463
43.900000000000354 42.27
44.000000000000355 42.3173
44.100000000000357 42.3645
44.200000000000358 42.4117
44.30000000000036 42.4588
44.400000000000361 42.4824
44.500000000000362 42.5295
44.600000000000364 42.5765
44.700000000000365 42.6
44.800000000000367 42.6469
44.900000000000368 42.6938
45.000000000000369 42.7406
45.100000000000371 42.764
45.200000000000372 42.8108
45.300000000000374 42.8575
45.400000000000375 42.9041
45.500000000000377 42.9274
45.600000000000378 42.974
45.700000000000379 43.0205
45.800000000000381 43.067
45.900000000000382 43.0902
46.000000000000384 43.1366
46.100000000000385 43.183
46.200000000000387 43.2293
46.300000000000388 43.2524
46.400000000000389 43.2986
46.500000000000391 43.3448
46.600000000000392 43.391
46.700000000000394 43.414
46.800000000000395 43.4601
46.900000000000396 43.5061
47.000000000000398 43.552
47.100000000000399 43.575
47.200000000000401 43.6209
47.300000000000402 43.6667
47.400000000000404 43.6896
47.500000000000405 43.7354
47.600000000000406 43.7811
47.700000000000408 43.8268
47.800000000000409 43.8724
47.900000000000411 43.8952
48.000000000000412 43.9407
48.100000000000414 43.9862
48.200000000000415 44.009
48.300000000000416 44.0544
48.400000000000418 44.0998
48.500000000000419 44.1451
48.600000000000421 44.1904
48.700000000000422 44.213
48.800000000000423 44.2583
48.900000000000425 44.3035
49.000000000000426 44.326
49.100000000000428 44.3711
49.200000000000429 44.4162
49.300000000000431 44.4612
49.400000000000432 44.5062
49.500000000000433 44.5287
49.600000000000435 44.5736
49.700000000000436 44.6184
49.800000000000438 44.6408
49.900000000000439 44.6856
50.000000000000441 44.7304
50.100000000000442 44.7751
50.200000000000443 44.8197
50.300000000000445 44.842
50.400000000000446 44.8866
50.500000000000448 44.9089
50.600000000000449 44.9534
50.70000000000045 44.9979
50.800000000000452 45.0423
50.900000000000453 45.0867
51.000000000000455 45.1089
51.100000000000456 45.1532
51.200000000000458 45.1975
51.300000000000459 45.2196
51.40000000000046 45.2639
51.500000000000462 45.308
51.600000000000463 45.3522
51.700000000000465 45.3963
51.800000000000466 45.4183
51.900000000000468 45.4623
52.000000000000469 45.5063
52.10000000000047 45.5283
52.200000000000472 45.5722
52.300000000000473 45.6161
52.400000000000475 45.6599
52.500000000000476 45.7037
52.600000000000477 45.7256
52.700000000000479 45.7693
52.80000000000048 45.7911
52.900000000000482 45.8348
53.000000000000483 45.8784
53.100000000000485 45.922
53.200000000000486 45.9656
53.300000000000487 45.9873
53.400000000000489 46.0308
53.50000000000049 46.0742
53.600000000000492 46.0959
53.700000000000493 46.1393
53.800000000000495 46.1827
53.900000000000496 46.2259
54.000000000000497 46.2692
54.100000000000499 46.2908
54.2000000000005 46.334
54.300000000000502 46.3772
54.400000000000503 46.3987
54.500000000000504 46.4418
54.600000000000506 46.4849
54.700000000000507 46.5279
54.800000000000509 46.5709
54.90000000000051 46.5923
55.000000000000512 46.6353
55.100000000000513 46.6781
55.200000000000514 46.6996
55.300000000000516 46.7424
55.400000000000517 46.7852
55.500000000000519 46.8279
55.60000000000052 46.8706
55.700000000000522 46.8919
55.800000000000523 46.9346
55.900000000000524 46.9559
56.000000000000526 46.9985
56.100000000000527 47.041
56.200000000000529 47.0835
56.30000000000053 47.126
56.400000000000531 47.1472
56.500000000000533 47.1896
56.600000000000534 47.232
56.700000000000536 47.2532
56.800000000000537 47.2955
56.900000000000539 47.3377
57.00000000000054 47.38
57.100000000000541 47.4222
57.200000000000543 47.4433
57.300000000000544 47.4854
57.400000000000546 47.5275
57.500000000000547 47.5486
57.600000000000549 47.5906
57.70000000000055 47.6326
57.800000000000551 47.6746
57.900000000000553 47.7166
58.000000000000554 47.7375
58.100000000000556 47.7794
58.200000000000557 47.8213
58.300000000000558 47.8422
58.40000000000056 47.884
58.500000000000561 47.9257
58.600000000000563 47.9674
58.700000000000564 47.9883
58.800000000000566 48.03
58.900000000000567 48.0716
59.000000000000568 48.1132
59.10000000000057 48.134
59.200000000000571 48.1755
59.300000000000573 48.217
59.400000000000574 48.2585
59.500000000000576 48.2792
59.600000000000577 48.3206
59.700000000000578 48.362
59.80000000000058 48.4034
59.900000000000581 48.424
60.000000000000583 48.4653
60.100000000000584 48.5066
60.200000000000585 48.5478
60.300000000000587 48.5684
60.400000000000588 48.6096
60.50000000000059 48.6507
60.600000000000591 48.6918
60.700000000000593 48.7123
60.800000000000594 48.7534
60.900000000000595 48.7944
61.000000000000597 48.8354
61.100000000000598 48.8558
61.2000000000006 48.8968
61.300000000000601 48.9377
61.400000000000603 48.9785
61.500000000000604 48.9989
61.600000000000605 49.0398
61.700000000000607 49.0805
61.800000000000608 49.1009
61.90000000000061 49.1416
62.000000000000611 49.1823
62.100000000000612 49.223
62.200000000000614 49.2636
62.300000000000615 49.2839
62.400000000000617 49.3245
62.500000000000618 49.365
62.60000000000062 49.3853
62.700000000000621 49.4258
62.800000000000622 49.4662
62.900000000000624 49.5066
63.000000000000625 49.547
63.100000000000627 49.5672
63.200000000000628 49.6075
63.30000000000063 49.6479
63.400000000000631 49.668
63.500000000000632 49.7083
63.600000000000634 49.7485
63.700000000000635 49.7887
63.800000000000637 49.8288
63.900000000000638 49.8489
64.000000000000639 49.889
64.100000000000634 49.9091
64.200000000000628 49.9491
64.300000000000622 49.9892
64.400000000000617 50.0292
64.500000000000611 50.0691
64.600000000000605 50.0891
64.7000000000006 50.129
64.800000000000594 50.1689
64.900000000000588 50.1888
65.000000000000583 50.2287
65.100000000000577 50.2685
65.200000000000571 50.3083
65.300000000000566 50.348
65.40000000000056 50.3679
65.500000000000554 50.4076
65.600000000000549 50.4473
65.700000000000543 50.4671
65.800000000000537 50.5067
65.900000000000531 50.5463
66.000000000000526 50.5859
66.10000000000052 50.6254
66.200000000000514 50.6451
66.300000000000509 50.6846
66.400000000000503 50.7241
66.500000000000497 50.7438
66.600000000000492 50.7832
66.700000000000486 50.8226
66.80000000000048 50.8619
66.900000000000475 50.9012
67.000000000000469 50.9209
67.100000000000463 50.9601
67.200000000000458 50.9798
67.300000000000452 51.019
67.400000000000446 51.0582
67.500000000000441 51.0973
67.600000000000435 51.1365
67.700000000000429 51.156
67.800000000000423 51.1951
67.900000000000418 51.2342
68.000000000000412 51.2537
68.100000000000406 51.2927
68.200000000000401 51.3317
68.300000000000395 51.3707
68.400000000000389 51.4096
68.500000000000384 51.429
68.600000000000378 51.4679
68.700000000000372 51.5068
68.800000000000367 51.5262
68.900000000000361 51.565
69.000000000000355 51.6038
69.10000000000035 51.6425
69.200000000000344 51.6812
69.300000000000338 51.7006
69.400000000000333 51.7393
69.500000000000327 51.7586
69.600000000000321 51.7972
69.700000000000315 51.8358
69.80000000000031 51.8744
69.900000000000304 51.9129
70.000000000000298 51.9322
70.100000000000293 51.9707
70.200000000000287 52.0092
70.300000000000281 52.0284
70.400000000000276 52.0669
70.50000000000027 52.1053
70.600000000000264 52.1436
70.700000000000259 52.182
70.800000000000253 52.2011
70.900000000000247 52.2395
71.000000000000242 52.2777
71.100000000000236 52.2969
71.20000000000023 52.3351
71.300000000000225 52.3733
71.400000000000219 52.4115
71.500000000000213 52.4496
71.600000000000207 52.4687
71.700000000000202 52.5068
71.800000000000196 52.5449
71.90000000000019 52.5639
72.000000000000185 52.602
72.100000000000179 52.64
72.200000000000173 52.678
72.300000000000168 52.7159
72.400000000000162 52.7349
72.500000000000156 52.7728
72.600000000000151 52.8107
72.700000000000145 52.8296
72.800000000000139 52.8675
72.900000000000134 52.9053
73.000000000000128 52.9431
73.100000000000122 52.962
73.200000000000117 52.9998
73.300000000000111 53.0375
73.400000000000105 53.0752
73.500000000000099 53.094
73.600000000000094 53.1317
73.700000000000088 53.1693
73.800000000000082 53.2069
73.900000000000077 53.2257
74.000000000000071 53.2633
74.100000000000065 53.3009
74.20000000000006 53.3384
74.300000000000054 53.3571
74.400000000000048 53.3946
74.500000000000043 53.432
74.600000000000037 53.4695
74.700000000000031 53.4882
74.800000000000026 53.5256
74.90000000000002 53.5629
75.000000000000014 53.6002
75.100000000000009 53.6189
75.200000000000003 53.6562
75.299999999999997 53.6935
75.399999999999991 53.7121
75.499999999999986 53.7493
75.59999999999998 53.7865
75.699999999999974 53.8237
75.799999999999969 53.8609
75.899999999999963 53.8794
75.999999999999957 53.9165
76.099999999999952 53.9536
76.199999999999946 53.9722
76.29999999999994 54.0092
76.399999999999935 54.0462
76.499999999999929 54.0832
76.599999999999923 54.1202
76.699999999999918 54.1387
76.799999999999912 54.1756
76.899999999999906 54.2125
76.999999999999901 54.231
77.099999999999895 54.2678
77.199999999999889 54.3047
77.299999999999883 54.3415
77.399999999999878 54.3783
77.499999999999872 54.3967
77.599999999999866 54.4335
77.699999999999861 54.4518
77.799999999999855 54.4886
77.899999999999849 54.5253
77.999999999999844 54.5619
78.099999999999838 54.5986
78.199999999999832 54.6352
78.299999999999827 54.6535
78.399999999999821 54.6901
78.499999999999815 54.7084
78.59999999999981 54.7449
78.699999999999804 54.7815
78.799999999999798 54.818
78.899999999999793 54.8544
78.999999999999787 54.8727
79.099999999999781 54.9091
79.199999999999775 54.9455
79.29999999999977 54.9637
79.399999999999764 55.0001
79.499999999999758 55.0365
79.599999999999753 55.0728
79.699999999999747 55.1091
79.799999999999741 55.1273
79.899999999999736 55.1635
79.99999999999973 55.1998
80.099999999999724 55.2179
80.199999999999719 55.2541
80.299999999999713 55.2903
80.399999999999707 55.3265
80.499999999999702 55.3626
80.599999999999696 55.3807
80.69999999999969 55.4168
80.799999999999685 55.4348
80.899999999999679 55.4709
80.999999999999673 55.5069
81.099999999999667 55.543
81.199999999999662 55.579
81.299999999999656 55.597
81.39999999999965 55.6329
81.499999999999645 55.6689
81.599999999999639 55.6868
81.699999999999633 55.7228
81.799999999999628 55.7586
81.899999999999622 55.7945
81.999999999999616 55.8303
82.099999999999611 55.8483
82.199999999999605 55.8841
82.299999999999599 55.9198
82.399999999999594 55.9377
82.499999999999588 55.9735
82.599999999999582 56.0092
82.699999999999577 56.0449
82.799999999999571 56.0806
82.899999999999565 56.0984
82.999999999999559 56.1341
83.099999999999554 56.1519
83.199999999999548 56.1875
83.299999999999542 56.2231
83.399999999999537 56.2586
83.499999999999531 56.2942
83.599999999999525 56.3297
83.69999999999952 56.3475
83.799999999999514 56.3829
83.899999999999508 56.4007
83.999999999999503 56.4361
84.099999999999497 56.4716
84.199999999999491 56.507
84.299999999999486 56.5424
84.39999999999948 56.5601
84.499999999999474 56.5954
84.599999999999469 56.6307
84.699999999999463 56.6484
84.799999999999457 56.6837
84.899999999999451 56.719
84.999999999999446 56.7542
85.09999999999944 56.7895
85.199999999999434 56.8071
85.299999999999429 56.8423
85.399999999999423 56.8775
85.499999999999417 56.895
85.599999999999412 56.9302
85.699999999999406 56.9653
85.7999999999994 57.0004
85.899999999999395 57.0355
85.999999999999389 57.053
86.099999999999383 57.0881
86.199999999999378 57.1231
86.299999999999372 57.1406
86.399999999999366 57.1756
86.499999999999361 57.2106
86.599999999999355 57.2455
86.699999999999349 57.263
86.799999999999343 57.2979
86.899999999999338 57.3328
86.999999999999332 57.3677
87.099999999999326 57.3851
87.199999999999321 57.42
87.299999999999315 57.4548
87.399999999999309 57.4896
87.499999999999304 57.507
87.599999999999298 57.5418
87.699999999999292 57.5765
87.799999999999287 57.6113
87.899999999999281 57.6286
87.999999999999275 57.6633
88.09999999999927 57.698
88.199999999999264 57.7327
88.299999999999258 57.75
88.399999999999253 57.7846
88.499999999999247 57.8192
88.599999999999241 57.8538
88.699999999999235 57.8711
88.79999999999923 57.9056
88.899999999999224 57.9402
88.999999999999218 57.9574
89.099999999999213 57.9919
89.199999999999207 58.0264
89.299999999999201 58.0609
89.399999999999196 58.0953
89.49999999999919 58.1125
89.599999999999184 58.1469
89.699999999999179 58.1813
89.799999999999173 58.1985
89.899999999999167 58.2329
89.999999999999162 58.2672
90.099999999999156 58.3015
90.19999999999915 58.3358
90.299999999999145 58.353
90.399999999999139 58.3873
90.499999999999133 58.4215
90.599999999999127 58.4386
90.699999999999122 58.4728
90.799999999999116 58.507
90.89999999999911 58.5412
90.999999999999105 58.5754
91.099999999999099 58.5925
91.199999999999093 58.6266
91.299999999999088 58.6607
91.399999999999082 58.6777
91.499999999999076 58.7118
91.599999999999071 58.7459
91.699999999999065 58.7799
91.799999999999059 58.8139
91.899999999999054 58.8309
91.999999999999048 58.8649
92.099999999999042 58.8819
92.199999999999037 58.9159
92.299999999999031 58.9498
92.399999999999025 58.9837
92.499999999999019 59.0176
92.599999999999014 59.0346
92.699999999999008 59.0685
92.799999999999002 59.1023
92.899999999998997 59.1192
92.999999999998991 59.1531
93.099999999998985 59.1869
93.19999999999898 59.2207
93.299999999998974 59.2544
93.399999999998968 59.2713
93.499999999998963 59.305
93.599999999998957 59.3388
93.699999999998951 59.3556
93.799999999998946 59.3893
93.89999999999894 59.423
93.999999999998934 59.4566
94.099999999998929 59.4903
94.199999999998923 59.5071
94.299999999998917 59.5407
94.399999999998911 59.5575
94.499999999998906 59.591
94.5999999999989 59.6246
94.699999999998894 59.6581
94.799999999998889 59.6917
94.899999999998883 59.7084
94.999999999998877 59.7419
95.099999999998872 59.7754
95.199999999998866 59.7921
95.29999999999886 59.8255
95.399999999998855 59.859
95.499999999998849 59.8924
95.599999999998843 59.9258
95.699999999998838 59.9425
95.799999999998832 59.9758
95.899999999998826 60.0092
95.99999999999882 60.0258
96.099999999998815 60.0591
96.199999999998809 60.0924
96.299999999998803 60.1257
96.399999999998798 60.159
96.499999999998792 60.1756
96.599999999998786 60.2088
96.699999999998781 60.242
96.799999999998775 60.2586
96.899999999998769 60.2918
96.999999999998764 60.325
97.099999999998758 60.3581
97.199999999998752 60.3913
97.299999999998747 60.4078
97.399999999998741 60.4409
97.499999999998735 60.4575
97.59999999999873 60.4906
97.699999999998724 60.5236
97.799999999998718 60.5567
97.899999999998712 60.5897
97.999999999998707 60.6062
98.099999999998701 60.6392
98.199999999998695 60.6722
98.29999999999869 60.6886
98.399999999998684 60.7216
98.499999999998678 60.7545
98.599999999998673 60.7874
98.699999999998667 60.8203
98.799999999998661 60.8368
98.899999999998656 60.8696
98.99999999999865 60.9025
99.099999999998644 60.9189
99.199999999998639 60.9517
99.299999999998633 60.9846
99.399999999998627 61.0173
99.499999999998622 61.0501
99.599999999998616 61.0665
99.69999999999861 61.0992
99.799999999998604 61.132
99.899999999998599 61.1483
99.999999999998593 61.181
100.09999999999859 61.2137
100.19999999999858 61.2464
100.29999999999858 61.2627
100.39999999999857 61.2954
100.49999999999856 61.328
100.59999999999856 61.3606
100.69999999999855 61.3769
100.79999999999855 61.4095
100.89999999999854 61.442
100.99999999999854 61.4746
101.09999999999853 61.4908
101.19999999999852 61.5234
101.29999999999852 61.5559
101.39999999999851 61.5884
101.49999999999851 61.6046
101.5999999999985 61.6371
101.6999999999985 61.6695
101.79999999999849 61.7019
101.89999999999849 61.7181
101.99999999999848 61.7505
102.09999999999847 61.7829
102.19999999999847 61.8153
102.29999999999846 61.8315
102.39999999999846 61.8638
102.49999999999845 61.8961
102.59999999999845 61.9284
102.69999999999844 61.9446
102.79999999999843 61.9769
102.89999999999843 62.0091
102.99999999999842 62.0414
103.09999999999842 62.0575
103.19999999999841 62.0897
103.29999999999841 62.1219
103.3999999999984 62.138
103.49999999999839 62.1702
103.59999999999839 62.2024
103.69999999999838 62.2345
103.79999999999838 62.2667
103.89999999999837 62.2827
103.99999999999837 62.3148
104.09999999999836 62.3469
104.19999999999835 62.363
104.29999999999835 62.395
104.39999999999834 62.4271
104.49999999999834 62.4591
104.59999999999833 62.4911
104.69999999999833 62.5071
104.79999999999832 62.5391
104.89999999999831 62.5711
104.99999999999831 62.5871
105.0999999999983 62.619
105.1999999999983 62.651
105.29999999999829 62.6829
105.39999999999829 62.7148
105.49999999999828 62.7307
105.59999999999827 62.7626
105.69999999999827 62.7785
105.79999999999826 62.8104
105.89999999999826 62.8422
105.99999999999825 62.874
106.09999999999825 62.9059
106.19999999999824 62.9218
106.29999999999824 62.9535
106.39999999999823 62.9853
106.49999999999822 63.0012
106.59999999999822 63.0329
106.69999999999821 63.0646
106.79999999999821 63.0964
106.8999999999982 63.128
106.9999999999982 63.1439
107.09999999999819 63.1756
107.19999999999818 63.2072
107.29999999999818 63.223
107.39999999999817 63.2547
107.49999999999817 63.2863
107.59999999999816 63.3179
107.69999999999816 63.3495
107.79999999999815 63.3652
107.89999999999814 63.3968
107.99999999999814 63.4283
108.09999999999813 63.4441
108.19999999999813 63.4756
108.29999999999812 63.5071
108.39999999999812 63.5386
108.49999999999811 63.5701
108.5999999999981 63.5858
108.6999999999981 63.6173
108.79999999999809 63.633
108.89999999999809 63.6644
108.99999999999808 63.6958
109.09999999999808 63.7272
109.19999999999807 63.7586
109.29999999999806 63.7743
109.39999999999806 63.8056
109.49999999999805 63.837
109.59999999999805 63.8527
109.69999999999804 63.884
109.79999999999804 63.9153
109.89999999999803 63.9466
109.99999999999802 63.9778
110.09999999999802 63.9935
110.19999999999801 64.0247
110.29999999999801 64.0559
110.399999999998 64.0716
110.499999999998 64.1028
110.59999999999799 64.134
110.69999999999798 64.1651
110.79999999999798 64.1963
110.89999999999797 64.2119
110.99999999999797 64.243
111.09999999999796 64.2586
111.19999999999796 64.2897
111.29999999999795 64.3208
111.39999999999795 64.3519
111.49999999999794 64.383
111.59999999999793 64.3985
111.69999999999793 64.4296
111.79999999999792 64.4606
111.89999999999792 64.4761
111.99999999999791 64.5071
112.09999999999791 64.5381
112.1999999999979 64.5691
112.29999999999789 64.6001
112.39999999999789 64.6156
112.49999999999788 64.6465
112.59999999999788 64.6775
112.69999999999787 64.6929
112.79999999999787 64.7238
112.89999999999786 64.7547
112.99999999999785 64.7856
113.09999999999785 64.8165
113.19999999999784 64.8319
113.29999999999784 64.8628
113.39999999999783 64.8936
113.49999999999783 64.909
113.59999999999782 64.9398
113.69999999999781 64.9706
113.79999999999781 65.0014
113.8999999999978 65.0321
113.9999999999978 65.0475
114.09999999999779 65.0783
114.19999999999779 65.109
114.29999999999778 65.1244
114.39999999999777 65.1551
114.49999999999777 65.1858
114.59999999999776 65.2164
114.69999999999776 65.2318
114.79999999999775 65.2624
114.89999999999775 65.2931
114.99999999999774 65.3237
115.09999999999773 65.339
115.19999999999773 65.3696
115.29999999999772 65.4002
115.39999999999772 65.4308
115.49999999999771 65.4461
115.59999999999771 65.4766
115.6999999999977 65.5072
115.79999999999769 65.5377
115.89999999999769 65.5529
115.99999999999768 65.5834
116.09999999999768 65.6139
116.19999999999767 65.6444
116.29999999999767 65.6596
116.39999999999766 65.6901
116.49999999999766 65.7205
116.59999999999765 65.751
116.69999999999764 65.7662
116.79999999999764 65.7966
116.89999999999763 65.827
116.99999999999763 65.8422
117.09999999999762 65.8725
117.19999999999762 65.9029
117.29999999999761 65.9333
117.3999999999976 65.9636
117.4999999999976 65.9787
117.59999999999759 66.009
117.69999999999759 66.0393
117.79999999999758 66.0545
117.89999999999758 66.0848
117.99999999999757 66.115
118.09999999999756 66.1453
118.19999999999756 66.1755
118.29999999999755 66.1906
118.39999999999755 66.2208
118.49999999999754 66.251
118.59999999999754 66.2661
118.69999999999753 66.2963
118.79999999999752 66.3265
118.89999999999752 66.3566
118.99999999999751 66.3867
119.09999999999751 66.4018
119.1999999999975 66.4319
119.2999999999975 66.447
119.39999999999749 66.4771
119.49999999999748 66.5072
119.59999999999748 66.5372
119.69999999999747 66.5673
119.79999999999747 66.5973
119.89999999999746 66.6123
119.99999999999746 66.6424
120.09999999999745 66.6574
120.19999999999744 66.6874
120.29999999999744 66.7174
120.39999999999743 66.7473
120.49999999999743 66.7773
120.59999999999742 66.7923
120.69999999999742 66.8222
120.79999999999741 66.8521
120.89999999999741 66.8671
120.9999999999974 66.897
121.09999999999739 66.9269
121.19999999999739 66.9568
121.29999999999738 66.9866
121.39999999999738 67.0016
121.49999999999737 67.0314
121.59999999999737 67.0612
121.69999999999736 67.0762
121.79999999999735 67.106
121.89999999999735 67.1358
121.99999999999734 67.1656
122.09999999999734 67.1953
122.19999999999733 67.2102
122.29999999999733 67.24
122.39999999999732 67.2548
122.49999999999731 67.2846
122.59999999999731 67.3143
122.6999999999973 67.344
122.7999999999973 67.3737
122.89999999999729 67.3885
122.99999999999729 67.4182
123.09999999999728 67.4479
123.19999999999727 67.4627
123.29999999999727 67.4923
123.39999999999726 67.522
123.49999999999726 67.5516
123.59999999999725 67.5812
123.69999999999725 67.596
123.79999999999724 67.6256
123.89999999999723 67.6551
123.99999999999723 67.6699
124.09999999999722 67.6995
124.19999999999722 67.729
124.29999999999721 67.7585
124.39999999999721 67.7881
124.4999999999972 67.8028
124.59999999999719 67.8176
124.69999999999719 67.8176
124.79999999999718 67.8176
124.89999999999718 67.8176
124.99999999999717 67.8176
